6, 6, 2.5, 6, 6, 2.5, 6, 6, 2.5, 6, 6, 2.5, 6, 6, 2.5, 6, 6, 2.5, 6, 6, 2.5, 6, 6, 2.5, 6, 6, 2.5, 6, 6, 2.5, 6, 6, 2.5, 6, 6, 2.5, 6, 6, 2.5, 6, 6, 2.5, 6, 6, 2.5, 6, 6, 2.5, 6, 6, 2.5, 6, 6, 2.5, 6, 6, 2.5, 6, 6, 2.5, 6, 6, 2.5, 6, 6, 2.5, 6, 6, 2.5, 6, 6, 2.5, 6, 6, 2.5, 6, 6, 2.5, 6, 6, 2.5, 6, 6, 2.5, 6, 6, 2.5, 6, 6, 2.5, 6, 6, 2.5, 6, 6, 2.5, 6, 6, 2.5, 6, 6, 2.5, 6, 6, 2.5, 6, 6, 2.5, 6, 6, 2.5, 6, 6, 2.5, 6, 6, 2.5, 6, 6, 2.5, 6, 6, 2.5, 6, 6, 2.5, 6, 6, 2.5, 6, 6, 2.5, 6, 6, 2.5, 6, 6, 2.5, 6, 6, 2.5, 6, 6, 2.5, 6, 6, 2.5, 6, 6, 2.5, 6, 6, 2.5, 6, 6, 2.5, 6, 6, 2.5, 6, 6, 2.5, 6, 6, 2.5, 6, 6, 2.5, 6, 6, 2.5, 6, 6, 2.5, 6, 6, 2.5, 6, 6, 2.5, 6, 6, 2.5, 6, 6, 2.5, 6, 6, 2.5, 6, 6, 2.5, 6, 6, 2.5, 6, 6, 2.5, 6, 6, 2.5, 6, 6, 2.5, 6, 6, 2.5, 6, 6, 2.5, 6, 6, 2.5, 6, 6, 2.5, 6, 6, 2.5, 6, 6, 2.5, 6, 6, 2.5, 6, 6, 2.5, 6, 6, 2.5, 6, 6, 2.5, 6, 6, 2.5, 6, 6, 2.5, 6, 6, 2.5, 6, 6, 2.5, 6, 6, 2.5, 6, 6, 2.5, 6, 6, 2.5, 6, 6, 2.5, 6, 6, 2.5, 6, 6, 2.5, 6, 6, 2.5, 6, 6, 2.5, 6, 6, 2.5, 6, 6, 2.5, 6, 6, 2.5, 6, 6, 2.5, 6, 6, 2.5, 6, 6, 2.5, 6, 6, 2.5, 6, 6, 2.5, 6, 6, 2.5, 6, 6, 2.5
~
18, 6, 2.5, 18, 6, 2.5, 18, 6, 2.5, 18, 6, 2.5, 18, 6, 2.5, 18, 6, 2.5, 18, 6, 2.5, 18, 6, 2.5, 18, 6, 2.5, 18, 6, 2.5, 18, 6, 2.5, 18, 6, 2.5, 18, 6, 2.5, 18, 6, 2.5, 18, 6, 2.5, 18, 6, 2.5, 18, 6, 2.5, 18, 6, 2.5, 18, 6, 2.5, 18, 6, 2.5, 18, 6, 2.5, 18, 6, 2.5, 18, 6, 2.5, 18, 6, 2.5, 18, 6, 2.5, 18, 6, 2.5, 18, 6, 2.5, 18, 6, 2.5, 18, 6, 2.5, 18, 6, 2.5, 18, 6, 2.5, 18, 6, 2.5, 18, 6, 2.5, 18, 6, 2.5, 18, 6, 2.5, 18, 6, 2.5, 18, 6, 2.5, 18, 6, 2.5, 18, 6, 2.5, 18, 6, 2.5, 18, 6, 2.5, 18, 6, 2.5, 18, 6, 2.5, 18, 6, 2.5, 18, 6, 2.5, 18, 6, 2.5, 18, 6, 2.5, 18, 6, 2.5, 18, 6, 2.5, 18, 6, 2.5, 18, 6, 2.5, 18, 6, 2.5, 18, 6, 2.5, 18, 6, 2.5, 18, 6, 2.5, 18, 6, 2.5, 18, 6, 2.5, 18, 6, 2.5, 18, 6, 2.5, 18, 6, 2.5, 18, 6, 2.5, 18, 6, 2.5, 18, 6, 2.5, 18, 6, 2.5, 18, 6, 2.5, 18, 6, 2.5, 18, 6, 2.5, 18, 6, 2.5, 18, 6, 2.5, 18, 6, 2.5, 18, 6, 2.5, 18, 6, 2.5, 18, 6, 2.5, 18, 6, 2.5, 18, 6, 2.5, 18, 6, 2.5, 18, 6, 2.5, 18, 6, 2.5, 18, 6, 2.5, 18, 6, 2.5, 18, 6, 2.5, 18, 6, 2.5, 18, 6, 2.5, 18, 6, 2.5, 18, 6, 2.5, 18, 6, 2.5, 18, 6, 2.5, 18, 6, 2.5, 18, 6, 2.5, 18, 6, 2.5, 18, 6, 2.5, 18, 6, 2.5, 18, 6, 2.5, 18, 6, 2.5, 18, 6, 2.5, 18, 6, 2.5, 18, 6, 2.5, 18, 6, 2.5, 18, 6, 2.5, 18, 6, 2.5
~
20, 20, 20, 20, 20, 20, 20, 20, 20, 20, 20, 20, 20, 20, 20, 20, 20, 20, 20, 20, 20, 20, 20, 20, 20, 20, 20, 20, 20, 20, 20, 20, 20, 20, 20, 20, 20, 20, 20, 20, 20, 20, 20, 20, 20, 20, 20, 20, 20, 20, 20, 20, 20, 20, 20, 20, 20, 20, 20, 20, 20, 20, 20, 20, 20, 20, 20, 20, 20, 20, 20, 20, 20, 20, 20, 20, 20, 20, 20, 20, 20, 20, 20, 20, 20, 20, 20, 20, 20, 20, 20, 20, 20, 20, 20, 20, 20, 20, 20, 20, 20, 20, 20, 20, 20, 20, 20, 20, 20, 20, 20, 20, 20, 20, 20, 20, 20, 20, 20, 20, 20, 20, 20, 20, 20, 20, 20, 20, 20, 20, 20, 20, 20, 20, 20, 20, 20, 20, 20, 20, 20, 20, 20, 20, 20, 20, 20, 20, 20, 20, 20, 20, 20, 20, 20, 20, 20, 20, 20, 20, 20, 20, 20, 20, 20, 20, 20, 20, 20, 20, 20, 20, 20, 20, 20, 20, 20, 20, 20, 20, 20, 20, 20, 20, 20, 20, 20, 20, 20, 20, 20, 20, 20, 20, 20, 20, 20, 20, 20, 20, 20, 20, 20, 20, 20, 20, 20, 20, 20, 20, 20, 20, 20, 20, 20, 20, 20, 20, 20, 20, 20, 20, 20, 20, 20, 20, 20, 20, 20, 20, 20, 20, 20, 20, 20, 20, 20, 20, 20, 20, 20, 20, 20, 20, 20, 20, 20, 20, 20, 20, 20, 20, 20, 20, 20, 20, 20, 20, 20, 20, 20, 20, 20, 20, 20, 20, 20, 20, 20, 20, 20, 20, 20, 20, 20, 20, 20, 20, 20, 20, 20, 20, 20, 20, 20, 20, 20, 20, 20, 20, 20, 20, 20, 20, 20, 20, 20, 20, 20, 20
~
20, 20, 20, 20, 20, 20, 20, 20, 20, 20, 20, 20, 20, 20, 20, 20, 20, 20, 20, 20, 20, 20, 20, 20, 20, 20, 20, 20, 20, 20, 20, 20, 20, 20, 20, 20, 20, 20, 20, 20, 20, 20, 20, 20, 20, 20, 20, 20, 20, 20, 20, 20, 20, 20, 20, 20, 20, 20, 20, 20, 20, 20, 20, 20, 20, 20, 20, 20, 20, 20, 20, 20, 20, 20, 20, 20, 20, 20, 20, 20, 20, 20, 20, 20, 20, 20, 20, 20, 20, 20, 20, 20, 20, 20, 20, 20, 20, 20, 20, 20, 20, 20, 20, 20, 20, 20, 20, 20, 20, 20, 20, 20, 20, 20, 20, 20, 20, 20, 20, 20, 20, 20, 20, 20, 20, 20, 20, 20, 20, 20, 20, 20, 20, 20, 20, 20, 20, 20, 20, 20, 20, 20, 20, 20, 20, 20, 20, 20, 20, 20, 20, 20, 20, 20, 20, 20, 20, 20, 20, 20, 20, 20, 20, 20, 20, 20, 20, 20, 20, 20, 20, 20, 20, 20, 20, 20, 20, 20, 20, 20, 20, 20, 20, 20, 20, 20, 20, 20, 20, 20, 20, 20, 20, 20, 20, 20, 20, 20, 20, 20, 20, 20, 20, 20, 20, 20, 20, 20, 20, 20, 20, 20, 20, 20, 20, 20, 20, 20, 20, 20, 20, 20, 20, 20, 20, 20, 20, 20, 20, 20, 20, 20, 20, 20, 20, 20, 20, 20, 20, 20, 20, 20, 20, 20, 20, 20, 20, 20, 20, 20, 20, 20, 20, 20, 20, 20, 20, 20, 20, 20, 20, 20, 20, 20, 20, 20, 20, 20, 20, 20, 20, 20, 20, 20, 20, 20, 20, 20, 20, 20, 20, 20, 20, 20, 20, 20, 20, 20, 20, 20, 20, 20, 20, 20, 20, 20, 20, 20, 20, 20
~
1, 1, 1, 1, 1, 1, 1, 1, 1, 1, 1, 1, 1, 1, 1, 1, 1, 1, 1, 1, 1, 1, 1, 1, 1, 1, 1, 1, 1, 1, 1, 1, 1, 1, 1, 1, 1, 1, 1, 1, 1, 1, 1, 1, 1, 1, 1, 1, 1, 1, 1, 1, 1, 1, 1, 1, 1, 1, 1, 1, 1, 1, 1, 1, 1, 1, 1, 1, 1, 1, 1, 1, 1, 1, 1, 1, 1, 1, 1, 1, 1, 1, 1, 1, 1, 1, 1, 1, 1, 1, 1, 1, 1, 1, 1, 1, 1, 1, 1, 1, 1, 1, 1, 1, 1, 1, 1, 1, 1, 1, 1, 1, 1, 1, 1, 1, 1, 1, 1, 1, 1, 1, 1, 1, 1, 1, 1, 1, 1, 1, 1, 1, 1, 1, 1, 1, 1, 1, 1, 1, 1, 1, 1, 1, 1, 1, 1, 1, 1, 1, 1, 1, 1, 1, 1, 1, 1, 1, 1, 1, 1, 1, 1, 1, 1, 1, 1, 1, 1, 1, 1, 1, 1, 1, 1, 1, 1, 1, 1, 1, 1, 1, 1, 1, 1, 1, 1, 1, 1, 1, 1, 1, 1, 1, 1, 1, 1, 1, 1, 1, 1, 1, 1, 1, 1, 1, 1, 1, 1, 1, 1, 1, 1, 1, 1, 1, 1, 1, 1, 1, 1, 1, 1, 1, 1, 1, 1, 1, 1, 1, 1, 1, 1, 1, 1, 1, 1, 1, 1, 1
~
1, 1, 1, 1, 1, 1, 1, 1, 1, 1, 1, 1, 1, 1, 1, 1, 1, 1, 1, 1, 1, 1, 1, 1, 1, 1, 1, 1, 1, 1, 1, 1, 1, 1, 1, 1, 1, 1, 1, 1, 1, 1, 1, 1, 1, 1, 1, 1, 1, 1, 1, 1, 1, 1, 1, 1, 1, 1, 1, 1, 1, 1, 1, 1, 1, 1, 1, 1, 1, 1, 1, 1, 1, 1, 1, 1, 1, 1, 1, 1, 1, 1, 1, 1, 1, 1, 1, 1, 1, 1, 1, 1, 1, 1, 1, 1, 1, 1, 1, 1, 1, 1, 1, 1, 1, 1, 1, 1, 1, 1, 1, 1, 1, 1, 1, 1, 1, 1, 1, 1, 1, 1, 1, 1, 1, 1, 1, 1, 1, 1, 1, 1, 1, 1, 1, 1, 1, 1, 1, 1, 1, 1, 1, 1, 1, 1, 1, 1, 1, 1, 1, 1, 1, 1, 1, 1, 1, 1, 1, 1, 1, 1, 1, 1, 1, 1, 1, 1, 1, 1, 1, 1, 1, 1, 1, 1, 1, 1, 1, 1, 1, 1, 1, 1, 1, 1, 1, 1, 1, 1, 1, 1, 1, 1, 1, 1, 1, 1, 1, 1, 1, 1, 1, 1, 1, 1, 1, 1, 1, 1, 1, 1, 1, 1, 1, 1, 1, 1, 1, 1, 1, 1, 1, 1, 1, 1, 1, 1, 1, 1, 1, 1, 1, 1, 1, 1, 1, 1, 1, 1