0 23 18 1 1 n
~
0 16 9 1 2 n
~
0 16 10 1 2 n
~
0 16 11 1 2 n
~
0 16 12 1 2 n
~
0 23 12 1 7 n
~
0 24 12 1 7 n
~
2 23 12 1 7 n
~
2 24 12 1 7 n
~
0 1 0 1 4 n
~
0 0 1 1 5 n
~
0 17 0 1 6 n
~
0 17 1 1 6 n
~
0 17 2 1 6 n 
~
0 17 3 1 6 n
~
0 17 4 1 6 n
~
0 17 5 1 6 n
~
0 17 6 1 6 n
~
0 17 7 1 6 n
~
0 17 8 1 6 n
~
2 37 1 3 8 n
~
0 16 8 1 9 n
~
1 16 23 1 10 n
~
0 0 0 1 12 n
~
0 8 20 3 11 n
~
2 3 47 3 14 n
~
2 11 47 3 15 n
~
2 8 24 3 13 n
~
0 17 9 2 0 n
~
0 17 10 2 0 n
~
0 17 11 2 0 n
~
0 17 12 2 0 n
~
0 25 22 3 19 n
~
0 24 22 3 21 n
~
0 23 22 3 21 n
~
0 22 22 3 21 n
~
0 21 22 3 21 n
~
0 20 22 3 20 n